%YAML:1.0
---
K: !!opencv-matrix
   rows: 3
   cols: 3
   dt: d
   data: [ 4.6273785343848846e+02, 0., 3.1460886608150503e+02, 0.,
       4.6275672068019338e+02, 1.8744926284425640e+02, 0., 0., 1. ]
D: !!opencv-matrix
   rows: 1
   cols: 5
   dt: d
   data: [ 1.1595983253865358e-01, -2.0355191879389420e-01,
       -1.6963169983926038e-03, -2.2177976036150391e-03,
       9.6073820173503965e-03 ]
