%YAML:1.0
---
K: !!opencv-matrix
   rows: 3
   cols: 3
   dt: d
   data: [ 4.6312500188441635e+02, 0., 3.2744490214960882e+02, 0.,
       4.6294294912414711e+02, 1.7920554689372653e+02, 0., 0., 1. ]
D: !!opencv-matrix
   rows: 1
   cols: 5
   dt: d
   data: [ 1.0968272471576727e-01, -1.7125805449500056e-01,
       -1.0375245398393451e-03, -5.9631535674067513e-04,
       -1.3810685984859194e-02 ]
