%YAML:1.0
---
K1: !!opencv-matrix
   rows: 3
   cols: 3
   dt: d
   data: [ 4.6273785343848846e+02, 0., 3.1460886608150503e+02, 0.,
       4.6275672068019338e+02, 1.8744926284425640e+02, 0., 0., 1. ]
K2: !!opencv-matrix
   rows: 3
   cols: 3
   dt: d
   data: [ 4.6312500188441635e+02, 0., 3.2744490214960882e+02, 0.,
       4.6294294912414711e+02, 1.7920554689372653e+02, 0., 0., 1. ]
D1: !!opencv-matrix
   rows: 1
   cols: 5
   dt: d
   data: [ 1.1595983253865358e-01, -2.0355191879389420e-01,
       -1.6963169983926038e-03, -2.2177976036150391e-03,
       9.6073820173503965e-03 ]
D2: !!opencv-matrix
   rows: 1
   cols: 5
   dt: d
   data: [ 1.0968272471576727e-01, -1.7125805449500056e-01,
       -1.0375245398393451e-03, -5.9631535674067513e-04,
       -1.3810685984859194e-02 ]
R: !!opencv-matrix
   rows: 3
   cols: 3
   dt: d
   data: [ 9.9974563356609036e-01, -9.2760196455175230e-03,
       2.0557811777341981e-02, 9.4133946569706032e-03,
       9.9993394013371684e-01, -6.5957084299252304e-03,
       -2.0495271810072806e-02, 6.7875494986366332e-03,
       9.9976690933698886e-01 ]
T: !!opencv-matrix
   rows: 3
   cols: 1
   dt: d
   data: [ -9.3999306263193077e+01, -9.0576330443755426e-01,
       2.3794788251086829e+00 ]
E: !!opencv-matrix
   rows: 3
   cols: 3
   dt: d
   data: [ -3.8351081386153660e-03, -2.3854695503185912e+00,
       -8.8985783092279380e-01, 4.5233223374295517e-01,
       6.1595285177112646e-01, 9.4026312780388366e+01,
       2.0680341318953133e-02, -9.4001498559796772e+01,
       6.3861252825471670e-01 ]
F: !!opencv-matrix
   rows: 3
   cols: 3
   dt: d
   data: [ -7.2630353458527984e-09, -4.5174849415112266e-06,
       6.9260954439090964e-05, 8.5697634390144524e-07,
       1.1669199364508302e-06, 8.1943629029004969e-02,
       -1.3305837499095555e-04, -8.1173280955599919e-02, 1. ]
R1: !!opencv-matrix
   rows: 3
   cols: 3
   dt: d
   data: [ 9.9998840534593070e-01, 1.8730745316392194e-04,
       -4.8118696595524507e-03, -2.0353577249004363e-04,
       9.9999429309449372e-01, -3.3722917479630768e-03,
       4.8112105432883603e-03, 3.3732320350151127e-03,
       9.9998273663036108e-01 ]
R2: !!opencv-matrix
   rows: 3
   cols: 3
   dt: d
   data: [ 9.9963338288293846e-01, 9.6323182808496655e-03,
       -2.5304510873534965e-02, -9.5487776469822122e-03,
       9.9994856029576495e-01, 3.4201765854680890e-03,
       2.5336153446427756e-02, -3.1772955423914583e-03,
       9.9967393890286815e-01 ]
P1: !!opencv-matrix
   rows: 3
   cols: 4
   dt: d
   data: [ 4.9209896807736669e+02, 0., 3.3020788955688477e+02, 0., 0.,
       4.9209896807736669e+02, 1.8279293251037598e+02, 0., 0., 0., 1.,
       0. ]
P2: !!opencv-matrix
   rows: 3
   cols: 4
   dt: d
   data: [ 4.9209896807736669e+02, 0., 3.3020788955688477e+02,
       -4.6273926425606929e+04, 0., 4.9209896807736669e+02,
       1.8279293251037598e+02, 0., 0., 0., 1., 0. ]
Q: !!opencv-matrix
   rows: 4
   cols: 4
   dt: d
   data: [ 1., 0., 0., -3.3020788955688477e+02, 0., 1., 0.,
       -1.8279293251037598e+02, 0., 0., 0., 4.9209896807736669e+02, 0.,
       0., 1.0634476174579610e-02, 0. ]
